01111000101000110000110000101010
00001111000100010110010110110110
11011110001111001111000010110111
11100010101011011001011100111100
01001101011100000001101000111101
10011001111001100010010001111011
10000001111101000000011011000001
10111101010101011000101010010001
01001110101110010110010110101100
11100111000011010001100110110101
10111111110101101110111100000001
01000000001011010011010000110111
00101010010110111100110010100101
01001011111001100010001101100101
11111111100010000110110011000100
00101110001000001000101010010011
00010111000001011111010101111110
11001011110100010111100000011001
10101100111000011101001010110010
11010001000000000011000001100001
01010001111101110011011001110001
00100001011011000001111000100110
01000101011010100111010000100000
10001010010010011111111010100100
11100101110011100100100100100010
01011111110101100101110010110101
11100110000010110111110001111101
10111000111100010100001010010101
00101100010110111111001001011110
01100101111101100000111110000011
11111101101001011100111100100101
00011101111100111101100011001111
01110011010001001101100111101011
01001000000001100101100001000110
10010000100100001110101011111111
01010111000000110010110000001011
00000110101100010100111000110111
00101000101001000011011001000111
10010110111111001110001011110000
01000111000010110111100011111001
10111001000010000110010110100111
11110000111100000111110100110110
10110001110001011101010000001011
10101110110100001011111110100010
11011100101011101010111000011110
11110011010101010100010011010011
10110010110111111001110110100110
11001000110010100001110111101001
00011100111011010000010111101011
11110000010001101001101011111001
00010001001101000001101011011110
11111101001110100001011110111011
01110111011110001000011111101100
01011101110101101000000100101011
10100101011001000001000011001001
00100000010110011100001100011101
11100100111011111110001010011111
10000010011101011111001010100101
01101110011001111111011100010111
01111101011111000111010100110001
11000110011100011110110001111010
10001011010011101101111000101110
00110010110000110010101010010001
10000001100100011011011111100010
10100010111111101101101111111111
10001110011111001100011000100110
10110100110110100110111001100100
10100000011110101001001111011111
10011111000111001011000100000111
01011111011110011101011101111011
10010101010011011101111011101100
01000111110101001100111010101101
01011111111011001000110111101101
10010011010100000110101111101111
10000011001111000111000100011001
10101101110100101011011100010100
11010111010111110011100010100101
10101110100100010011100111101101
11000101010010001111101101111000
01000110010110101110101000110100
00010110001101001001010010011110
00010110011011001101101100001001
10110011010101010011111011101101
10010111000011001110000110000000
11111100001110110011001101001010
11001100001001110011111111111011
01100011100111000001110110011100
10001111001110011100101110111111
00011111010101110001011101010100
01100111101111110011011001111011
11100001100000010000111100000000
10001011100011110111101011001010
00101000110011100010010001000110
10110000000100100000001111100101
00010000001100110100000100001000
01000110010000101111000010111011
01110010110100100111111101101100
01000111011100111110101001101100
11011010100000110110111110100100
01010101001111011110110111010100
11100101001111111100111001010100
00111110011100010010110011010111
10010110000010110110010100110101
00010111111011001010010011001101
11000111111000001100000111000001
01010000011011101111100000100011
00100110001001111100100110010101
11001011101100000000111010001110
00000111110101111011000010110000
00000000000101100100100100111111
11110000111110110001111010001110
10000110111110111001101010101101
00100100111010010111010111011001
11010001100001100110000010101001
10010000100101110101001000110101
01110100010010011010100011111001
01011000001011001110100110100101
10110100001101111101001101110001
10100010000101010010101000001000
10011000111101110001110101000100
11001100100000011111101110011010
11101010010111101011100110100011
00011110011000011001111100111110
01111011011000111010010010111111
10000000001101001110001011111111
01001100011110101000111011101101
01101010011101100111011001010110
10001100101111011010110101100001
11101100011111110110011010011100
11000010101001101000000001011111
00001101111011011100010111101010
10010111011011011100110101010000
11000001100111001001011000010111
00100100100001101101011101110000
01100100100010110101111010111011
01111110111111100001010010100010
01010111000101010010010100100011
01000011010111101011111110000000
01111011110001001010100101111100
01100010111111110111001001010100
10000001000110101001001010111011
11101011001001101010101111010101
01110101001000000001100110000101
00001101111101100111101111100111
00110101110110110101111101111101
10011110101111010101011100010001
10111001010100111000100010011001
01011011001110000101000111110111
10010011110011011100011110100001
10010101001101100111111000000101
00101111111101111001111000111110
01111001010100111101110000011000
00100010001010101000110000101100
00000111010110110111110101110111
01100111011011011011101001100100
00001110111010011011101011101001
00000011000111111101001110110101
00001010111011110110001010001000
10110110111111110010110110111011
01011000011111011000000100110110
00001000010010100100100000111110
01010101011110111111010001001011
11011101100101000101110101100100
01101111110111111111111100011101
10010110011110110010100001101001
11010111010100110111011001010001
10100000010101011010010100100011
01011000010110111011111010101110
10010100000110010100000011100001
01000001010101000101110011011001
11001010110001100011111111101011
11011110011010100100000010100101
11000001010010110111010011011101
10010100001111001110111010001101
01010010110110010001110001101111
11111110101100101111101011100101
00010000000010110011100100011011
01001001110110010010100000000001
11110101011011111100100001111011
10000001011100000111111011111111
00110011100110111110011010111001
00100001011101000011110101001111
00001000001010110100100000000000
00110000110010110101111100011100
01001011100011000101010100110011
10011010110011011011001110001101
01001000000101111011000100100010
10101110110100101110100101000100
00101100101010111111001001101001
10011100001101111010101011101100
00101011000010011100101110001010
11101100000110000010010011111000
10110011111001010011110101100110
01100011101010000101011011001011
10101111001101111000111110011011
10010000101100011101110100000010
11000001000101001001101010101011
10101101011101100000011010010001
10110111111001100110101111000100
10110110011111100100011100111101
11110110110110110011010100111101
00011110001010000011110110000101
00110110000010011101111101100110
00110110100000000010011101010111
01111110000101100001100001000010
01110111101101101100110011011100
10011100001101000100110111000011
10110100101110111000000001000001
11010000011011010001000110011111
01011100110000110100000011101011
00101100000101110001000010100001
01101000010110100011000010011011
10111111101000011100100000111001
10110101111111101010110100111010
10100101110000011101100110000101
11101101100101000110010001001111
10100010001001110000101011010011
10101011100100010101101010010111
10011011001010000010111010001101
01000001000000011010000110000001
00010101110101101111110111100011
00110101011011000001110010110111
11001000101100100001000110011101
10001111111101111001110110000110
00001010000000111011110010000011
11011100010100110010100100111110
11111101001010110100100001101101
01010110011010000101100110001010
10000011011000011010111100111001
00001111000100010011110001111111
10011101101000101111001101000010
11010011010101011001100010010110
10111111010101000110000011001110
10100110101001001100000000010100
10111001010100011001101110111100
01101101100001001011011110000100
10111101001011100101110100100110
00101110101101011000101010010111
10110001101001011101011111001000
11001111001011111100111110000111
01100111010111111111100011011110
01100010110000011101101111100110
00001100101101110001101011000000
01101111000111010001000111001101
10011101010001010101010100010100
11001100011101010011001111010010
01011101110101100011011010110111
11010001110001000001011101110111
11010111101110110011100000000001
11000010100000111100100000010010
10111000110000110110111101010110
01111110101110111010001110000101
10000000110001001110111000100010
00010011101000101110100110101110
10111101001110111100100111010100
11100110100000100010001011110111
10111001010111011001110000100000
10110101011000101001101010000111
10100011011010011101111000001011
10100101111100110001010000001101
00101001000001000011001010101001
01000000111111011001000010110011
11011101101101100011011101001111
00110001010010101010110100101110
11000101011100110101000011000101
10010101000011000101010001111011
11010000100011010011000100010101
01100111100000011101011001110011
00010001011101001101101111011010
10101110101101001000110000011000
11010101010101010111110111000000
10100110100000001101010101011011
11000101010110110110111000000011
01111001001010001001011110000100
00100100111110110010101100110000
10010110000010110011011111000011
11110010100000100100111110010010
01110100111100101111100010100101
00101001110011010001001010101000
11000101110100010101100011001100
10010110111001100101100001100010
01111010010110000011100000110100
01011000011100111010110000110000
00100001101110111100100100001000
11010000001110001101111000100010
11110000011011000100000101110101
10000101110111010100101110110100
01110101010101010010101011111101
01011001111101011010111100101000
11000100100100100010011101000100
11100000111000001110111101001011
00101000000001101110010101011000
01000011100011101110110011111011
01010010101100000010110001110010
00011000101010001010100001011010
01110010110100001110001011011000
11110001101101011101100110000011
11011010000000111011011010001000
11011001111001011001011100100001
00011010010111111001101010110111
10100111111010110100101011111110
00011101000011110011101000010110
10000001110001001100010111000111
00010011000000100110111110100000
10011111000011110001010110010100
11111001101110011000101011101000
00110001110011011001111001001100
10110101000000010101100010000011
10011100101100110001101011101100
10110110101100001110000011101101
10111011000000001010111010001000
00111101100010101111001111111101
00111011111111111000110011100110
11100011111111011010000101101111
11101011010011100101011001100001
11011110110010001001000110110100
01100101100100000010011011110000
01110101110110011000000000101111
11101000111010110000011110101010
01000010110101110100010101111010
10001001101101011010010111100001
11101000110111011111010100101111
11111101110110101110110010111100
11110101011011000011000101000000
00111101010011101010110110010110
10100010111101001010000101100001
00000100101101111111010000001010
11001010010111000001011011100111
00101101010000011110011110011110
00010101000100101010010111011110
11011000101010101111111000000010
00100001111010000100100000011110
11011001100011101000000110101111
01011110101011111011001010000010
00011101100100000110010000100010
01101100000101000000111000011100
00000010101001100111011011100111
01010100101001101101010011100101
11101110010101101000001101000001
01010110001110110001000110101101
00010000100101100101010110000010
00110100111110101000110000110010
00110010010001101011111010011011
00100010011100001111011101100000
10101010000000011111000100001101
00110100100000000100001011000100
11011011111010011001110111110100
10000000010110100011001100000000
11010011000001100010111110000110
11110001101101101010011100011101
01110010111011011101100000110100
01010000011110010010000111110001
00001101111110010011111110010000
01111011001110011101100010001111
00101010011101010100011010001001
10001001000111111011100101000010
00111010000011110001011111110100
11001110011011110111101111100110
01011001110110010001100011101110
10101010100110101110100001001000
01011111110100010010000110101001
11001000110000010101100111101000
01000010011100110111001111100001
01111011011010110110011000010100
00011101100011010100100011010000
01001010100011001110001110010111
00010111001111000011100010011101
01010000101001001010010101001100
00001110011011011000110010000111
11011010010010000001010111010101
01100001111110000111011101000000
01100000111011111111010000100000
01000010011011001100011001110111
10010010101111000001111001101011
11011001100001110111110100000110
10101001101000000100010011110001
11000110101010001011110011110110
11010011101101001011100101000010
11010110100111011110010111000111
00000001001000001000000000001001
00000001000010100000100100010010
01001011100111001101000100011110
01010111100001110110101010110000
11010101001011100011001110000001
10001000111001111001010100011111
00111011101110010000101111100100
00110001001011101001000001110100
01001001100001010011010001100101
10001001110011100010100001100010
11000010100000110101010011000011
00101101010110111110001100110111
01001001000111001110010001101010
00000111101000101110010110110011
00111011110111100000001010110010
00111010000011110000011110011001
11100101111111001000101010101010
01000000110001100101100110110110
10111001111101100000011011111011
01000100111000100000111000001100
10010110001100101011101100100101
10110000100111000000101001100111
01110011000000000001111101110000
10001111010011100011100101101100
11001111100001110100000010111011
01101011111101101110101010101010
10011101011001111000001110010110
00100100110010110110101100011100
01010110101110101100100010010100
01111110001110010100010001101111
11001011000000101001000011101000
10011110011110101101000110110001
00101100001111000001110111001011
01000000110110000101001000101100
00011001111001110000110101011100
10101110100101101011010011101100
10001111100101001011100100010001
00011101110111100100010100010001
00000100111010110111110101000110
01001100111111011110000001101000
11001001010001110011011010010000
10001111111000100001101100101010
01101111100110001101100100111101
11100001001010010101001000001010
10000001000110011010000011001011
10111111010111011000110000101010
11011111111000010101000011101111
11100111010101111111111010011100
01100001110111111011001111001010
10011101010010010000001011101101
10011001000111001100000111100010
00100100000111101011101011010100
00100101100010100100110010111001
10110011011101011000111010001010
00110010000011001000001010011110
01001100111110010100011001100100
11011001011100000001100111101011
00111111100111111001001011111000
01001011011010100001100010001011
00100000001010101000111101111001
00111111010111011110100111000101
01100010010000010110110100011100
10000001100111110011011010111010
11010010011011010101110000000111
11000111011001101000111110001010
10101001001101110001011100101111
11001110010101101110110001100010
00011110010101011011100011100111
11001001100101100100000010001011
01100001011110000110100010010111
10001110101010110010011111000101
11000101111101111001000000110000
10011010000000100011111011011100
10011101001011101010110001110001
10101100001010011011110000010101
10010011100111101101011100100101
11111011100111010110110011111000
00100010110100110001000111111100
11000100110011010101010011111110
01110101000110011110100110111111
10000010111000101000111100011001
00010011010001001010110100000010
01100001000111100111001010110011
01110001001101111110000111101011
10111010111001011000011010100011
11010011001010000111100100010001
01111000010001000111101100001011
01100000011011110101101011110100
11001000001001010000010011010001
00111100101001100001011000100101
11000111110101001101000001000100
01010100101011001101000010011001
10110101010110100010101001111100
01101001100011111001110100111001
11111011011011001001101011001111
01000000011011011001000010000010
01011011001000000011100000111000
10011110010101000101011111010001
10001101101101000000101100010101
10101100001111011100100100011101
11000001100110000111001111110110
10100101000110001011100001101000
10010001100010001100110111001001
11100100100110101110101111000000
10101101101000011111100010010110
00111101100100101000011001111101
01010101110110101101000110111110
10111100101101001001011011110001
11000001101111011000101011101101
10100001100111011101001011101100
11110010100011100110101010101111
00101000000000011101010011001001
01001100111011111101100101111111
10001000010111100101011001000001
01100010010101010001100001010110
10100101001000001010110101001010
11001101000011000011110111101011
00011100010101110101110010001100
10100111011110000001100001001101
11110000100010010011001101010011
10101000100110000001010011100001
